4
1.932469 0.704011 2000.000000
4.257018 0.915587 2000.000000
2.408189 3.048813 2000.000000
0.512083 3.016787 2000.000000
1.932469 0.704011 2000.000000
4.257017 0.915587 2000.000000
2.408189 3.048813 2000.000000
0.512083 3.016787 2000.000000
1.932469 0.704011 2000.000000
4.257017 0.915587 2000.000000
2.408189 3.048812 2000.000000
0.512083 3.016787 2000.000000
1.932469 0.704011 2000.000000
4.257017 0.915587 2000.000000
2.408189 3.048812 2000.000000
0.512083 3.016787 2000.000000
1.932469 0.704012 2000.000000
4.257017 0.915587 2000.000000
2.408189 3.048812 2000.000000
0.512084 3.016787 2000.000000
1.932470 0.704012 2000.000000
4.257017 0.915587 2000.000000
2.408189 3.048812 2000.000000
0.512084 3.016787 2000.000000
1.932470 0.704012 2000.000000
4.257017 0.915587 2000.000000
2.408189 3.048812 2000.000000
0.512084 3.016787 2000.000000
1.932470 0.704012 2000.000000
4.257016 0.915587 2000.000000
2.408189 3.048812 2000.000000
0.512085 3.016787 2000.000000
1.932470 0.704013 2000.000000
4.257016 0.915587 2000.000000
2.408188 3.048811 2000.000000
0.512085 3.016787 2000.000000
1.932470 0.704013 2000.000000
4.257016 0.915587 2000.000000
2.408188 3.048811 2000.000000
0.512086 3.016786 2000.000000
1.932470 0.704013 2000.000000
4.257015 0.915587 2000.000000
2.408188 3.048811 2000.000000
0.512086 3.016786 2000.000000
1.932471 0.704014 2000.000000
4.257015 0.915588 2000.000000
2.408187 3.048810 2000.000000
0.512087 3.016786 2000.000000
1.932471 0.704014 2000.000000
4.257014 0.915588 2000.000000
2.408187 3.048810 2000.000000
0.512087 3.016786 2000.000000
1.932471 0.704015 2000.000000
4.257014 0.915588 2000.000000
2.408187 3.048809 2000.000000
0.512088 3.016786 2000.000000
1.932471 0.704015 2000.000000
4.257013 0.915588 2000.000000
2.408186 3.048809 2000.000000
0.512089 3.016785 2000.000000
1.932472 0.704016 2000.000000
4.257013 0.915588 2000.000000
2.408186 3.048808 2000.000000
0.512090 3.016785 2000.000000
1.932472 0.704017 2000.000000
4.257012 0.915589 2000.000000
2.408185 3.048808 2000.000000
0.512090 3.016785 2000.000000
1.932472 0.704017 2000.000000
4.257011 0.915589 2000.000000
2.408185 3.048807 2000.000000
0.512091 3.016784 2000.000000
1.932473 0.704018 2000.000000
4.257010 0.915589 2000.000000
2.408184 3.048806 2000.000000
0.512092 3.016784 2000.000000
1.932473 0.704019 2000.000000
4.257010 0.915589 2000.000000
2.408184 3.048806 2000.000000
0.512093 3.016784 2000.000000
1.932473 0.704020 2000.000000
4.257009 0.915590 2000.000000
2.408183 3.048805 2000.000000
0.512094 3.016783 2000.000000
1.932474 0.704020 2000.000000
4.257008 0.915590 2000.000000
2.408182 3.048804 2000.000000
0.512095 3.016783 2000.000000
1.932474 0.704021 2000.000000
4.257007 0.915590 2000.000000
2.408182 3.048803 2000.000000
0.512097 3.016783 2000.000000
1.932475 0.704022 2000.000000
4.257006 0.915590 2000.000000
2.408181 3.048803 2000.000000
0.512098 3.016782 2000.000000
1.932475 0.704023 2000.000000
4.257005 0.915591 2000.000000
2.408180 3.048802 2000.000000
0.512099 3.016782 2000.000000
1.932476 0.704024 2000.000000
4.257004 0.915591 2000.000000
2.408179 3.048801 2000.000000
0.512100 3.016781 2000.000000
1.932476 0.704025 2000.000000
4.257003 0.915592 2000.000000
2.408179 3.048800 2000.000000
0.512102 3.016781 2000.000000
1.932477 0.704026 2000.000000
4.257002 0.915592 2000.000000
2.408178 3.048799 2000.000000
0.512103 3.016780 2000.000000
1.932477 0.704028 2000.000000
4.257001 0.915592 2000.000000
2.408177 3.048798 2000.000000
0.512105 3.016780 2000.000000
1.932478 0.704029 2000.000000
4.256999 0.915593 2000.000000
2.408176 3.048797 2000.000000
0.512106 3.016779 2000.000000
1.932478 0.704030 2000.000000
4.256998 0.915593 2000.000000
2.408175 3.048796 2000.000000
0.512108 3.016779 2000.000000
1.932479 0.704031 2000.000000
4.256997 0.915594 2000.000000
2.408174 3.048795 2000.000000
0.512109 3.016778 2000.000000
1.932480 0.704033 2000.000000
4.256995 0.915594 2000.000000
2.408173 3.048793 2000.000000
0.512111 3.016778 2000.000000
1.932480 0.704034 2000.000000
4.256994 0.915594 2000.000000
2.408172 3.048792 2000.000000
0.512113 3.016777 2000.000000
1.932481 0.704035 2000.000000
4.256993 0.915595 2000.000000
2.408171 3.048791 2000.000000
0.512115 3.016776 2000.000000
1.932482 0.704037 2000.000000
4.256991 0.915595 2000.000000
2.408170 3.048790 2000.000000
0.512116 3.016776 2000.000000
1.932482 0.704038 2000.000000
4.256990 0.915596 2000.000000
2.408169 3.048788 2000.000000
0.512118 3.016775 2000.000000
1.932483 0.704040 2000.000000
4.256988 0.915596 2000.000000
2.408168 3.048787 2000.000000
0.512120 3.016774 2000.000000
1.932484 0.704041 2000.000000
4.256987 0.915597 2000.000000
2.408167 3.048786 2000.000000
0.512122 3.016774 2000.000000
1.932485 0.704043 2000.000000
4.256985 0.915598 2000.000000
2.408165 3.048784 2000.000000
0.512124 3.016773 2000.000000
1.932485 0.704044 2000.000000
4.256983 0.915598 2000.000000
2.408164 3.048783 2000.000000
0.512127 3.016772 2000.000000
1.932486 0.704046 2000.000000
4.256982 0.915599 2000.000000
2.408163 3.048781 2000.000000
0.512129 3.016771 2000.000000
1.932487 0.704048 2000.000000
4.256980 0.915599 2000.000000
2.408162 3.048780 2000.000000
0.512131 3.016771 2000.000000
1.932488 0.704049 2000.000000
4.256978 0.915600 2000.000000
2.408160 3.048778 2000.000000
0.512133 3.016770 2000.000000
1.932489 0.704051 2000.000000
4.256976 0.915600 2000.000000
2.408159 3.048777 2000.000000
0.512136 3.016769 2000.000000
1.932490 0.704053 2000.000000
4.256974 0.915601 2000.000000
2.408158 3.048775 2000.000000
0.512138 3.016768 2000.000000
1.932490 0.704055 2000.000000
4.256972 0.915602 2000.000000
2.408156 3.048773 2000.000000
0.512140 3.016767 2000.000000
1.932491 0.704057 2000.000000
4.256970 0.915602 2000.000000
2.408155 3.048772 2000.000000
0.512143 3.016767 2000.000000
1.932492 0.704059 2000.000000
4.256968 0.915603 2000.000000
2.408153 3.048770 2000.000000
0.512145 3.016766 2000.000000
1.932493 0.704061 2000.000000
4.256966 0.915604 2000.000000
2.408152 3.048768 2000.000000
0.512148 3.016765 2000.000000
1.932494 0.704063 2000.000000
4.256964 0.915604 2000.000000
2.408150 3.048766 2000.000000
0.512151 3.016764 2000.000000
1.932495 0.704065 2000.000000
4.256962 0.915605 2000.000000
2.408149 3.048765 2000.000000
0.512153 3.016763 2000.000000
1.932496 0.704067 2000.000000
4.256960 0.915606 2000.000000
2.408147 3.048763 2000.000000
0.512156 3.016762 2000.000000
1.932497 0.704069 2000.000000
4.256958 0.915607 2000.000000
2.408145 3.048761 2000.000000
0.512159 3.016761 2000.000000
1.932498 0.704071 2000.000000
4.256956 0.915607 2000.000000
2.408144 3.048759 2000.000000
0.512162 3.016760 2000.000000
1.932499 0.704074 2000.000000
4.256953 0.915608 2000.000000
2.408142 3.048757 2000.000000
0.512165 3.016759 2000.000000
1.932500 0.704076 2000.000000
4.256951 0.915609 2000.000000
2.408140 3.048755 2000.000000
0.512168 3.016758 2000.000000
1.932502 0.704078 2000.000000
4.256949 0.915610 2000.000000
2.408138 3.048753 2000.000000
0.512171 3.016757 2000.000000
1.932503 0.704080 2000.000000
4.256946 0.915611 2000.000000
2.408137 3.048751 2000.000000
0.512174 3.016756 2000.000000
1.932504 0.704083 2000.000000
4.256944 0.915611 2000.000000
2.408135 3.048749 2000.000000
0.512177 3.016755 2000.000000
1.932505 0.704085 2000.000000
4.256941 0.915612 2000.000000
2.408133 3.048746 2000.000000
0.512180 3.016754 2000.000000
1.932506 0.704088 2000.000000
4.256939 0.915613 2000.000000
2.408131 3.048744 2000.000000
0.512183 3.016753 2000.000000
1.932507 0.704090 2000.000000
4.256936 0.915614 2000.000000
2.408129 3.048742 2000.000000
0.512186 3.016751 2000.000000
1.932509 0.704093 2000.000000
4.256933 0.915615 2000.000000
2.408127 3.048740 2000.000000
0.512190 3.016750 2000.000000
1.932510 0.704095 2000.000000
4.256931 0.915616 2000.000000
2.408125 3.048737 2000.000000
0.512193 3.016749 2000.000000
1.932511 0.704098 2000.000000
4.256928 0.915617 2000.000000
2.408123 3.048735 2000.000000
0.512197 3.016748 2000.000000
1.932512 0.704101 2000.000000
4.256925 0.915618 2000.000000
2.408121 3.048733 2000.000000
0.512200 3.016747 2000.000000
1.932514 0.704103 2000.000000
4.256923 0.915618 2000.000000
2.408119 3.048730 2000.000000
0.512204 3.016745 2000.000000
1.932515 0.704106 2000.000000
4.256920 0.915619 2000.000000
2.408117 3.048728 2000.000000
0.512207 3.016744 2000.000000
1.932516 0.704109 2000.000000
4.256917 0.915620 2000.000000
2.408115 3.048725 2000.000000
0.512211 3.016743 2000.000000
1.932518 0.704112 2000.000000
4.256914 0.915621 2000.000000
2.408113 3.048723 2000.000000
0.512215 3.016742 2000.000000
1.932519 0.704115 2000.000000
4.256911 0.915622 2000.000000
2.408111 3.048720 2000.000000
0.512218 3.016740 2000.000000
1.932521 0.704118 2000.000000
4.256908 0.915623 2000.000000
2.408108 3.048718 2000.000000
0.512222 3.016739 2000.000000
1.932522 0.704121 2000.000000
4.256905 0.915624 2000.000000
2.408106 3.048715 2000.000000
0.512226 3.016738 2000.000000
1.932524 0.704124 2000.000000
4.256902 0.915625 2000.000000
2.408104 3.048712 2000.000000
0.512230 3.016736 2000.000000
1.932525 0.704127 2000.000000
4.256899 0.915626 2000.000000
2.408102 3.048710 2000.000000
0.512234 3.016735 2000.000000
1.932526 0.704130 2000.000000
4.256896 0.915628 2000.000000
2.408099 3.048707 2000.000000
0.512238 3.016734 2000.000000
1.932528 0.704133 2000.000000
4.256892 0.915629 2000.000000
2.408097 3.048704 2000.000000
0.512242 3.016732 2000.000000
1.932530 0.704136 2000.000000
4.256889 0.915630 2000.000000
2.408095 3.048701 2000.000000
0.512246 3.016731 2000.000000
1.932531 0.704139 2000.000000
4.256886 0.915631 2000.000000
2.408092 3.048698 2000.000000
0.512250 3.016729 2000.000000
1.932533 0.704142 2000.000000
4.256882 0.915632 2000.000000
2.408090 3.048695 2000.000000
0.512255 3.016728 2000.000000
1.932534 0.704146 2000.000000
4.256879 0.915633 2000.000000
2.408087 3.048693 2000.000000
0.512259 3.016726 2000.000000
1.932536 0.704149 2000.000000
4.256876 0.915634 2000.000000
2.408085 3.048690 2000.000000
0.512263 3.016725 2000.000000
1.932537 0.704152 2000.000000
4.256872 0.915635 2000.000000
2.408082 3.048687 2000.000000
0.512268 3.016723 2000.000000
1.932539 0.704156 2000.000000
4.256869 0.915637 2000.000000
2.408079 3.048684 2000.000000
0.512272 3.016722 2000.000000
1.932541 0.704159 2000.000000
4.256865 0.915638 2000.000000
2.408077 3.048680 2000.000000
0.512277 3.016720 2000.000000
1.932542 0.704163 2000.000000
4.256862 0.915639 2000.000000
2.408074 3.048677 2000.000000
0.512281 3.016719 2000.000000
1.932544 0.704166 2000.000000
4.256858 0.915640 2000.000000
2.408072 3.048674 2000.000000
0.512286 3.016717 2000.000000
1.932546 0.704170 2000.000000
4.256854 0.915641 2000.000000
2.408069 3.048671 2000.000000
0.512290 3.016715 2000.000000
1.932548 0.704173 2000.000000
4.256851 0.915643 2000.000000
2.408066 3.048668 2000.000000
0.512295 3.016714 2000.000000
1.932549 0.704177 2000.000000
4.256847 0.915644 2000.000000
2.408063 3.048665 2000.000000
0.512300 3.016712 2000.000000
1.932551 0.704181 2000.000000
4.256843 0.915645 2000.000000
2.408061 3.048661 2000.000000
0.512305 3.016710 2000.000000
1.932553 0.704184 2000.000000
4.256839 0.915646 2000.000000
2.408058 3.048658 2000.000000
0.512310 3.016709 2000.000000
1.932555 0.704188 2000.000000
4.256835 0.915648 2000.000000
2.408055 3.048655 2000.000000
0.512314 3.016707 2000.000000
1.932557 0.704192 2000.000000
4.256831 0.915649 2000.000000
2.408052 3.048651 2000.000000
0.512319 3.016705 2000.000000
1.932558 0.704196 2000.000000
4.256827 0.915650 2000.000000
2.408049 3.048648 2000.000000
0.512324 3.016704 2000.000000
1.932560 0.704200 2000.000000
4.256823 0.915652 2000.000000
2.408046 3.048644 2000.000000
0.512330 3.016702 2000.000000
1.932562 0.704204 2000.000000
4.256819 0.915653 2000.000000
2.408043 3.048641 2000.000000
0.512335 3.016700 2000.000000
1.932564 0.704208 2000.000000
4.256815 0.915654 2000.000000
2.408040 3.048637 2000.000000
0.512340 3.016698 2000.000000
1.932566 0.704212 2000.000000
4.256811 0.915656 2000.000000
2.408037 3.048634 2000.000000
0.512345 3.016696 2000.000000
1.932568 0.704216 2000.000000
4.256807 0.915657 2000.000000
2.408034 3.048630 2000.000000
0.512350 3.016695 2000.000000
